[Stamp3.jpg]
filters=Soften=1,50.000000,13.450292;finetune2=1,0.479532,0.000000,0.000000,00000000,0.333333;
moddate=00e166e20a82ce01
width=1200
height=900
textactive=0
